TRL_NUMBER,TRL_STOP_SIGNAL_DELAY,TRL_TARG_SSD_VRT_RFRSH_COUNT,TRL_TARG_ON_TIME,TRL_STOP_SIGNAL_TIME,TRL_STOP_SIGNAL_DURATION,TRL_FIX_ON_TIME,TRL_FIX_ACQ_TIME,TRL_FIX_HOLD_TIME,TRL_FIXATED_TIME
1,46,47,2363,3146,783,1065,1859,498,2357
2,6,7,9172,9289,117,7890,8673,492,9165
3,20,21,16464,16814,350,14700,15487,972,16459
4,58,59,23257,24239,982,21509,22301,950,23251
5,16,17,29667,29950,283,28318,29115,545,29660
6,46,47,36826,37608,782,35144,35929,890,36819
7,32,33,43618,44168,550,41954,42743,870,43613
8,48,49,50278,51094,816,48763,49557,715,50272
9,4,5,57254,57337,83,55572,56371,876,57247
10,30,31,63846,64363,517,62398,63185,655,63840
11,18,19,70872,71189,317,69207,69999,867,70866
12,50,51,77382,78231,849,76017,76813,563,77376
13,46,47,84274,85057,783,82843,83627,641,84268
14,2,3,91034,91084,50,89652,90441,586,91027
15,18,19,97843,98159,316,96461,97255,581,97836
16,6,7,103853,103970,117,103270,103286,559,103845
17,14,15,110796,111045,249,109314,110100,689,110789
18,26,27,117905,118354,449,116123,116914,984,117898
19,48,49,124631,125446,815,122932,123728,896,124624
20,16,17,131307,131590,283,129758,130542,758,131300
21,4,5,138316,138399,83,136568,137356,954,138310
22,2,3,144792,144842,50,143377,144170,616,144786
23,48,49,151984,152800,816,150186,150984,994,151978
24,12,13,158577,158794,217,157012,157798,773,158571
25,56,57,165470,166419,949,163821,164612,851,165463
26,28,29,172262,172745,483,170631,171426,830,172256
27,8,9,178922,179072,150,177457,178240,676,178916
28,60,61,185997,187013,1016,184266,185054,937,185991
29,54,55,192540,193456,916,191075,191868,666,192534
30,18,19,199300,199616,316,197885,198682,612,199294
31,8,9,206459,206608,149,204710,205496,956,206452
32,12,13,213201,213418,217,211520,212310,885,213195
33,54,55,219628,220543,915,218329,219124,497,219621
34,56,57,226803,227752,949,225155,225938,859,226797
35,18,19,233446,233762,316,231964,232752,687,233439
36,28,29,240272,240755,483,238774,239566,700,240266
37,54,55,247231,248147,916,245583,246380,845,247225
38,20,21,254107,254457,350,252409,253194,907,254101
39,8,9,260949,261099,150,259218,260008,935,260943
40,2,3,267576,267626,50,266027,266822,747,267569
41,60,61,274601,275617,1016,272853,273636,959,274595
42,20,21,281128,281477,349,279663,280450,672,281122
43,2,3,287937,287987,50,286472,287264,667,287931
44,46,47,294713,295495,782,293281,294078,628,294706
45,36,37,301589,302205,616,300107,300892,690,301582
46,30,31,308215,308731,516,306916,307706,502,308208
47,52,53,315241,316123,882,313726,314520,715,315235
48,32,33,321867,322416,549,320552,321334,527,321861
49,4,5,328676,328759,83,327361,328148,522,328670
50,28,29,335835,336318,483,334170,334962,867,335829
51,38,39,342611,343260,649,340979,341776,828,342604
52,10,11,349354,349537,183,347805,348590,757,349347
53,36,37,355947,356563,616,354615,355404,536,355940
54,24,25,363089,363505,416,361424,362218,865,363083
55,22,23,369998,370381,383,368233,369032,960,369992
56,30,31,376474,376990,516,375059,375846,622,376468
57,44,45,383583,384332,749,381868,382660,917,383577
58,2,3,390426,390476,50,388678,389474,946,390420
59,4,5,397052,397135,83,395504,396288,758,397046
60,58,59,404061,405043,982,402313,403102,953,404055
61,10,11,410737,410920,183,409122,409916,815,410731
62,58,59,417230,418212,982,415931,416730,493,417223
63,56,57,424206,425155,949,422757,423544,655,424199
64,26,27,431315,431764,449,429567,430358,951,431309
65,30,31,437874,438390,516,436376,437172,696,437868
66,34,35,444734,445316,582,443202,443986,741,444727
67,14,15,451676,451926,250,450011,450800,870,451670
68,46,47,458469,459251,782,456820,457614,848,458462
69,22,23,465261,465644,383,463630,464428,827,465255
70,12,13,472021,472237,216,470456,471242,773,472015
71,58,59,478880,479862,982,477265,478056,818,478874
72,52,53,485489,486372,883,484074,484870,613,485483
73,46,47,492615,493398,783,490900,491684,925,492609
74,20,21,499258,499607,349,497710,498498,754,499252
75,8,9,506134,506284,150,504519,505312,816,506128
76,16,17,512926,513209,283,511328,512126,794,512920
77,54,55,519919,520834,915,518154,518940,973,519913
78,18,19,526512,526828,316,524963,525754,751,526505
79,32,33,533221,533770,549,531773,532568,647,533215
80,18,19,540363,540680,317,538599,539382,976,540358
81,60,61,546706,547722,1016,545408,546196,504,546700
82,36,37,553915,554531,616,552217,553010,899,553909
83,18,19,560425,560741,316,559026,559824,594,560418
84,46,47,567134,567917,783,565852,566638,489,567127
85,54,55,573977,574893,916,572662,573452,519,573971
86,24,25,581102,581519,417,579471,580266,830,581096
87,10,11,587928,588112,184,586297,587080,842,587922
88,4,5,594555,594638,83,593106,593894,654,594548
89,42,43,601281,601996,715,599915,600708,566,601274
90,14,15,608040,608290,250,606725,607522,512,608034
91,10,11,614949,615132,183,613551,614336,607,614943
92,12,13,621792,622008,216,620360,621150,635,621785
93,54,55,628784,629700,916,627169,627964,814,628778
94,28,29,635727,636209,482,633995,634778,942,635720
95,38,39,642120,642769,649,640804,641592,521,642113
96,14,15,649345,649595,250,647614,648406,933,649339
97,44,45,656021,656770,749,654423,655220,795,656015
98,52,53,662947,663829,882,661249,662034,907,662941
99,42,43,669490,670206,716,668058,668848,635,669483
100,2,3,676566,676616,50,674867,675662,897,676559
101,2,3,683059,683109,50,681693,682476,576,683052
102,52,53,690101,690983,882,688503,689290,805,690095
103,26,27,697060,697510,450,695312,696104,950,697054
104,14,15,703620,703869,249,702121,702918,695,703613
105,6,7,710562,710679,117,708947,709732,824,710556
106,38,39,717405,718054,649,715756,716546,852,717398
107,32,33,724331,724880,549,722566,723360,965,724325
108,50,51,731123,731972,849,729375,730174,943,731117
109,50,51,737783,738632,849,736201,736988,788,737776
110,44,45,744742,745491,749,743010,743802,933,744735
111,2,3,751468,751518,50,749820,750616,846,751462
112,38,39,758427,759076,649,756645,757430,990,758420
113,44,45,765170,765919,749,763455,764244,920,765164
114,34,35,771563,772145,582,770264,771058,498,771556
115,58,59,778389,779371,982,777073,777872,510,778382
116,36,37,785381,785997,616,783899,784686,688,785374
117,22,23,792290,792673,383,790709,791500,784,792284
118,12,13,799166,799383,217,797518,798314,846,799160
119,26,27,805742,806192,450,804344,805128,608,805736
120,8,9,812552,812701,149,811153,811942,603,812545
121,38,39,819361,820010,649,817962,818756,598,819354
122,4,5,826270,826353,83,824772,825570,694,826264
123,4,5,833296,833379,83,831598,832384,906,833290
124,60,61,839772,840788,1016,838407,839198,568,839766
125,32,33,846798,847347,549,845216,846012,779,846791
126,58,59,853740,854723,983,852042,852826,908,853734
127,44,45,860433,861182,749,858851,859640,786,860426
128,28,29,866959,867442,483,865661,866454,499,866953
129,24,25,874168,874584,416,872470,873268,894,874162
130,14,15,880828,881077,249,879296,880082,739,880821
131,16,17,887537,887820,283,886105,886896,634,887530
132,38,39,894563,895212,649,892914,893710,846,894556
133,8,9,901172,901322,150,899740,900524,641,901165
134,20,21,908098,908448,350,906550,907338,754,908092
135,10,11,914824,915007,183,913359,914152,666,914818
136,48,49,921950,922765,815,920168,920966,977,921943
137,26,27,928742,929192,450,926994,927780,956,928736
138,22,23,935202,935585,383,933803,934594,601,935195
139,8,9,942144,942294,150,940613,941408,730,942138
140,48,49,949220,950036,816,947439,948222,992,949214
141,40,41,955780,956462,682,954248,955036,737,955773
142,38,39,962572,963222,650,961057,961850,716,962566
143,44,45,969548,970297,749,967867,968664,878,969542
144,56,57,976474,977423,949,974692,975478,989,976467
145,30,31,983150,983666,516,981502,982292,852,983144
146,12,13,989710,989926,216,988311,989106,597,989703
147,50,51,996419,997268,849,995137,995920,492,996412
148,56,57,1003628,1004577,949,1001946,1002734,887,1003621
149,18,19,1010204,1010520,316,1008756,1009548,650,1010198
150,46,47,1016347,1017130,783,1015565,1015579,761,1016340
151,56,57,1023007,1023956,949,1021608,1022393,607,1023000
152,36,37,1029999,1030615,616,1028418,1029207,786,1029993
153,50,51,1036709,1037558,849,1035227,1036021,681,1036702
154,42,43,1043801,1044517,716,1042036,1042835,960,1043795
155,10,11,1050594,1050777,183,1048862,1049649,938,1050587
156,48,49,1056970,1057786,816,1055671,1056463,500,1056963
157,4,5,1063896,1063979,83,1062481,1063277,613,1063890
158,44,45,1070638,1071388,750,1069307,1070091,541,1070632
159,20,21,1077797,1078147,350,1076116,1076905,886,1077791
160,2,3,1084290,1084340,50,1082925,1083719,565,1084284
161,52,53,1091333,1092215,882,1089734,1090533,793,1091326
162,18,19,1098059,1098375,316,1096560,1097347,705,1098052
163,2,3,1104918,1104968,50,1103370,1104161,751,1104912
164,6,7,1111844,1111960,116,1110179,1110975,863,1111838
165,2,3,1118753,1118803,50,1117005,1117789,958,1118747
166,10,11,1125129,1125313,184,1123814,1124603,520,1125123
167,8,9,1132039,1132188,149,1130623,1131417,615,1132032
168,52,53,1139031,1139913,882,1137433,1138231,794,1139025
169,18,19,1145707,1146023,316,1144259,1145045,656,1145701
170,42,43,1152483,1153199,716,1151068,1151859,618,1152477
171,46,47,1159442,1160225,783,1157877,1158673,763,1159436
172,8,9,1166085,1166235,150,1164703,1165487,591,1166078
173,14,15,1173277,1173527,250,1171512,1172301,970,1173271
174,40,41,1180086,1180769,683,1178322,1179115,966,1180081
175,2,3,1186796,1186846,50,1185131,1185929,861,1186790
176,24,25,1193572,1193988,416,1191957,1192743,823,1193566
177,4,5,1200298,1200381,83,1198766,1199557,734,1200291
178,28,29,1207290,1207773,483,1205576,1206371,914,1207285
179,4,5,1213783,1213867,84,1212401,1213185,591,1213776
180,36,37,1220643,1221259,616,1219211,1219999,637,1220636
181,8,9,1227468,1227618,150,1226020,1226813,649,1227462
182,28,29,1234428,1234910,482,1232829,1233627,794,1234421
183,4,5,1241353,1241437,84,1239655,1240441,906,1241347
184,28,29,1247813,1248296,483,1246465,1247255,552,1247807
185,6,7,1254722,1254839,117,1253274,1254069,647,1254716
186,58,59,1261731,1262714,983,1260100,1260883,842,1261725
187,36,37,1268657,1269273,616,1266909,1267697,954,1268651
188,32,33,1275317,1275866,549,1273718,1274511,799,1275310
189,36,37,1282276,1282892,616,1280528,1281325,945,1282270
190,44,45,1289135,1289884,749,1287354,1288139,990,1289129
191,10,11,1295728,1295911,183,1294163,1294953,769,1295722
192,22,23,1302504,1302887,383,1300972,1301767,730,1302497
193,48,49,1309147,1309962,815,1307798,1308581,559,1309140
194,14,15,1316172,1316422,250,1314607,1315395,771,1316166
195,44,45,1322815,1323564,749,1321417,1322209,600,1322809
196,6,7,1329741,1329857,116,1328226,1329023,712,1329735
197,60,61,1336600,1337616,1016,1335052,1335837,757,1336594
198,6,7,1343160,1343276,116,1341861,1342651,502,1343153
199,46,47,1350402,1351184,782,1348670,1349465,930,1350395
200,60,61,1356978,1357994,1016,1355496,1356279,692,1356971
201,6,7,1363937,1364054,117,1362306,1363093,838,1363931
202,36,37,1370663,1371279,616,1369115,1369907,750,1370657
203,2,3,1377556,1377606,50,1375924,1376721,828,1377549
204,44,45,1384432,1385181,749,1382750,1383535,890,1384425
205,10,11,1391341,1391524,183,1389559,1390349,985,1391334
206,2,3,1397751,1397801,50,1396369,1397163,581,1397744
207,36,37,1404760,1405376,616,1403178,1403977,776,1404753
208,6,7,1411336,1411452,116,1410004,1410791,538,1411329
209,42,43,1418495,1419211,716,1416813,1417605,883,1418488
210,18,19,1425221,1425537,316,1423623,1424419,796,1425215
211,10,11,1432180,1432363,183,1430448,1431233,940,1432173
212,8,9,1439006,1439156,150,1437258,1438047,953,1439000
213,2,3,1445416,1445466,50,1444067,1444861,548,1445409
214,30,31,1452558,1453074,516,1450876,1451675,876,1452551
215,18,19,1459201,1459517,316,1457702,1458489,705,1459194
216,40,41,1465877,1466559,682,1464512,1465303,568,1465871
217,4,5,1473036,1473119,83,1471321,1472117,913,1473030
218,4,5,1479895,1479978,83,1478147,1478931,958,1479889
219,30,31,1486704,1487220,516,1484956,1485745,953,1486698
220,52,53,1493097,1493980,883,1491765,1492559,531,1493090
221,48,49,1500323,1501139,816,1498575,1499373,944,1500317
222,28,29,1506932,1507415,483,1505401,1506187,739,1506926
223,46,47,1513858,1514641,783,1512210,1513001,851,1513852
224,40,41,1520384,1521067,683,1519019,1519815,563,1520378
225,50,51,1527393,1528242,849,1525845,1526629,758,1527387
226,22,23,1534319,1534702,383,1532654,1533443,870,1534313
227,2,3,1541178,1541228,50,1539464,1540257,916,1541173
228,48,49,1547971,1548787,816,1546273,1547071,894,1547965
229,14,15,1554814,1555063,249,1553099,1553885,923,1554808
230,22,23,1561623,1562006,383,1559908,1560699,918,1561617
231,42,43,1568266,1568982,716,1566717,1567513,746,1568259
232,44,45,1575241,1575991,750,1573543,1574327,908,1575235
233,56,57,1581718,1582667,949,1580353,1581141,571,1581712
234,52,53,1588044,1588927,883,1587162,1587172,865,1588037
235,22,23,1594904,1595286,382,1593189,1593986,912,1594898
236,10,11,1601695,1601878,183,1600014,1600800,889,1601689
237,60,61,1608588,1609603,1015,1606823,1607614,968,1608582
238,18,19,1615414,1615730,316,1613632,1614428,979,1615407
239,20,21,1621890,1622240,350,1620458,1621242,641,1621883
240,12,13,1628666,1628882,216,1627267,1628056,603,1628659
241,38,39,1635858,1636507,649,1634077,1634870,982,1635852
242,20,21,1642568,1642917,349,1640886,1641684,877,1642561
243,12,13,1649294,1649510,216,1647712,1648498,789,1649287
244,58,59,1656003,1656985,982,1654521,1655312,684,1655996
245,6,7,1662729,1662846,117,1661331,1662126,597,1662723
246,46,47,1669505,1670287,782,1668156,1668940,558,1669498
247,20,21,1676547,1676897,350,1674966,1675754,787,1676541
248,42,43,1683157,1683873,716,1681775,1682568,582,1683150
249,8,9,1690282,1690432,150,1688584,1689382,894,1690276
250,10,11,1696842,1697025,183,1695410,1696196,639,1696835
251,26,27,1703918,1704367,449,1702220,1703010,902,1703912
252,58,59,1710760,1711743,983,1709029,1709824,930,1710754
253,12,13,1717153,1717370,217,1715855,1716638,509,1717147
254,42,43,1724362,1725078,716,1722664,1723452,904,1724356
255,42,43,1730972,1731688,716,1729473,1730266,699,1730965
256,30,31,1737814,1738330,516,1736283,1737080,728,1737808
257,18,19,1744790,1745106,316,1743109,1743894,890,1744784
258,58,59,1751233,1752215,982,1749918,1750708,519,1751227
259,26,27,1758275,1758725,450,1756727,1757522,747,1758269
260,34,35,1765051,1765634,583,1763553,1764336,709,1765045
261,10,11,1772094,1772277,183,1770362,1771150,937,1772087
262,20,21,1778620,1778970,350,1777172,1777964,650,1778614
263,10,11,1785396,1785579,183,1783981,1784778,612,1785390
264,40,41,1792472,1793154,682,1790807,1791592,874,1792466
265,44,45,1799181,1799930,749,1797616,1798406,769,1799175
266,6,7,1805924,1806040,116,1804425,1805220,697,1805917
267,14,15,1812783,1813033,250,1811251,1812034,742,1812776
268,46,47,1819492,1820275,783,1818061,1818848,638,1819486
269,40,41,1826352,1827034,682,1824870,1825662,683,1826345
270,58,59,1833261,1834243,982,1831679,1832476,778,1833254
271,56,57,1839904,1840853,949,1838505,1839290,607,1839897
272,2,3,1846680,1846730,50,1845314,1846104,569,1846673
273,38,39,1853639,1854288,649,1852124,1852918,715,1853633
274,50,51,1860448,1861297,849,1858933,1859732,710,1860442
275,60,61,1867307,1868323,1016,1865759,1866546,755,1867301
276,28,29,1873467,1873950,483,1872568,1872577,883,1873460
277,22,23,1879894,1880277,383,1878595,1879391,496,1879887
278,52,53,1886720,1887602,882,1885421,1886205,508,1886713
279,40,41,1893795,1894478,683,1892230,1893019,770,1893789
280,50,51,1900588,1901437,849,1899040,1899833,749,1900582
281,30,31,1907614,1908130,516,1905849,1906647,961,1907608
282,34,35,1914057,1914639,582,1912675,1913461,589,1914050
283,22,23,1921232,1921615,383,1919484,1920275,951,1921226
284,26,27,1927658,1928108,450,1926293,1927089,563,1927652
285,40,41,1934434,1935117,683,1933119,1933903,525,1934428
286,14,15,1941660,1941910,250,1939929,1940717,937,1941654
287,46,47,1948519,1949302,783,1946738,1947531,982,1948513
288,36,37,1954862,1955478,616,1953547,1954345,511,1954856
289,28,29,1961705,1962188,483,1960373,1961159,539,1961698
290,14,15,1968880,1969130,250,1967182,1967973,901,1968874
291,44,45,1975440,1976189,749,1973992,1974787,647,1975434
292,20,21,1982582,1982932,350,1980818,1981601,976,1982577
293,28,29,1989258,1989741,483,1987627,1988415,837,1989252
294,8,9,1995984,1996134,150,1994436,1995229,749,1995978
295,20,21,2002694,2003043,349,2001245,2002043,644,2002687
296,32,33,2009370,2009919,549,2008071,2008857,506,2009363
297,60,61,2016179,2017195,1016,2014881,2015671,502,2016173
298,58,59,2022988,2023971,983,2021690,2022485,497,2022982
299,42,43,2030131,2030847,716,2028516,2029299,826,2030125
300,38,39,2036957,2037606,649,2035325,2036113,837,2036950
301,4,5,2043699,2043783,84,2042134,2042927,766,2043693
302,60,61,2050359,2051374,1015,2048944,2049741,612,2050353
303,10,11,2057351,2057534,183,2055770,2056555,790,2057345
304,52,53,2063961,2064843,882,2062579,2063369,585,2063954
305,36,37,2071136,2071752,616,2069388,2070183,947,2071130
306,8,9,2077596,2077746,150,2076214,2076997,592,2077589
307,10,11,2084555,2084738,183,2083023,2083811,737,2084548
308,6,7,2091414,2091531,117,2089833,2090625,783,2091408
309,44,45,2098357,2099106,749,2096642,2097439,912,2098351
310,22,23,2104866,2105249,383,2103468,2104253,607,2104860
311,36,37,2111776,2112392,616,2110277,2111067,702,2111769
312,52,53,2118718,2119600,882,2117086,2117881,830,2118711
313,10,11,2125294,2125477,183,2123912,2124695,592,2125287
314,16,17,2132486,2132769,283,2130722,2131509,972,2132481
315,38,39,2138863,2139512,649,2137531,2138323,533,2138856
316,56,57,2146072,2147021,949,2144340,2145137,928,2146065
317,8,9,2152481,2152631,150,2151166,2151951,524,2152475
318,8,9,2159657,2159807,150,2157975,2158765,885,2159650
319,22,23,2166483,2166866,383,2164785,2165579,898,2166477
320,2,3,2172909,2172959,50,2171594,2172393,510,2172903
321,32,33,2180135,2180684,549,2178420,2179207,922,2180129
322,12,13,2186694,2186911,217,2185229,2186021,667,2186688
323,38,39,2193737,2194386,649,2192039,2192835,896,2193731
324,38,39,2200230,2200879,649,2198865,2199649,575,2200224
325,6,7,2207056,2207172,116,2205674,2206463,586,2207049
326,52,53,2213998,2214880,882,2212483,2213277,715,2213992
327,10,11,2220791,2220974,183,2219292,2220091,693,2220784
328,20,21,2227800,2228149,349,2226118,2226905,888,2227793
329,58,59,2234626,2235608,982,2232928,2233719,901,2234620
330,48,49,2241402,2242218,816,2239737,2240533,863,2241396
331,56,57,2248061,2249010,949,2246563,2247347,708,2248055
332,36,37,2255020,2255636,616,2253372,2254161,853,2255014
333,12,13,2261630,2261846,216,2260181,2260975,648,2261623
334,58,59,2268622,2269605,983,2266991,2267789,827,2268616
335,56,57,2275398,2276347,949,2273817,2274603,789,2275392
336,26,27,2282207,2282657,450,2280626,2281417,784,2282201
337,26,27,2289150,2289599,449,2287435,2288231,913,2289144
338,36,37,2295643,2296259,616,2294261,2295045,591,2295636
339,54,55,2302785,2303701,916,2301070,2301859,920,2302779
340,26,27,2309361,2309811,450,2307880,2308673,682,2309355
341,56,57,2316354,2317303,949,2314689,2315487,861,2316348
342,34,35,2322847,2323429,582,2321515,2322301,539,2322840
343,8,9,2329906,2330056,150,2328324,2329115,784,2329899
344,14,15,2336898,2337148,250,2335133,2335929,963,2336892
345,24,25,2343508,2343924,416,2341959,2342743,758,2343501
346,42,43,2350250,2350966,716,2348769,2349557,687,2350244
347,8,9,2357293,2357443,150,2355578,2356371,916,2357287
348,40,41,2363819,2364502,683,2362387,2363185,627,2363812
349,30,31,2370595,2371111,516,2369213,2369999,589,2370588
350,32,33,2377787,2378337,550,2376022,2376813,968,2377781
351,22,23,2384580,2384963,383,2382832,2383627,947,2384574
352,52,53,2391273,2392155,882,2389658,2390441,826,2391267
353,8,9,2397982,2398132,150,2396467,2397255,721,2397976
354,30,31,2404875,2405391,516,2403276,2404069,799,2404868
355,48,49,2411551,2412366,815,2410086,2410883,662,2411545
356,10,11,2418310,2418493,183,2416911,2417697,606,2418303
357,52,53,2425486,2426368,882,2423721,2424511,969,2425480
358,58,59,2432262,2433244,982,2430530,2431325,930,2432255
359,22,23,2439104,2439487,383,2437356,2438139,959,2439098
360,32,33,2445947,2446496,549,2444165,2444953,987,2445940
361,40,41,2452540,2453222,682,2450975,2451767,767,2452534
362,4,5,2459515,2459599,84,2457784,2458581,928,2459509
363,52,53,2466125,2467007,882,2464610,2465395,724,2466119
364,40,41,2472751,2473434,683,2471419,2472209,535,2472744
365,16,17,2479527,2479810,283,2478228,2479023,497,2479520
366,22,23,2486419,2486802,383,2485054,2485837,576,2486413
367,52,53,2493595,2494477,882,2491864,2492651,938,2493589
368,50,51,2500221,2501070,849,2498673,2499465,750,2500215
369,32,33,2506814,2507363,549,2505482,2506279,528,2506807
370,50,51,2513773,2514622,849,2512308,2513093,674,2513767
371,38,39,2520616,2521265,649,2519117,2519907,702,2520609
372,24,25,2527425,2527841,416,2525927,2526721,698,2527419
373,36,37,2534251,2534867,616,2532753,2533535,710,2534245
374,48,49,2541127,2541943,816,2539562,2540349,772,2541121
375,58,59,2547736,2548719,983,2546371,2547163,567,2547730
376,6,7,2554662,2554779,117,2553180,2553977,678,2554655
377,20,21,2561405,2561754,349,2560006,2560791,607,2561398
378,58,59,2568431,2569413,982,2566816,2567605,820,2568425
379,34,35,2575207,2575789,582,2573625,2574419,781,2575200
380,2,3,2582166,2582216,50,2580434,2581233,926,2582159
381,34,35,2588625,2589208,583,2587260,2588047,572,2588619
382,12,13,2595584,2595801,217,2594069,2594861,717,2595578
383,56,57,2602277,2603226,949,2600879,2601675,596,2602271
384,54,55,2609086,2610002,916,2607705,2608489,591,2609080
385,12,13,2616146,2616362,216,2614514,2615303,836,2616139
386,32,33,2622772,2623321,549,2621323,2622117,648,2622765
387,10,11,2629797,2629981,184,2628133,2628931,861,2629792
388,60,61,2636557,2637572,1015,2634958,2635745,805,2636550
389,10,11,2643499,2643682,183,2641768,2642559,934,2643493
390,40,41,2650308,2650991,683,2648577,2649373,929,2650302
391,52,53,2656785,2657667,882,2655403,2656187,591,2656778
392,32,33,2663910,2664460,550,2662212,2663001,903,2663904
393,2,3,2670470,2670520,50,2669022,2669815,649,2670464
394,36,37,2677446,2678062,616,2675831,2676629,811,2677440
395,34,35,2684122,2684705,583,2682657,2683443,673,2684116
396,18,19,2690848,2691164,316,2689466,2690257,584,2690841
397,18,19,2697690,2698007,317,2696275,2697071,613,2697684
398,26,27,2704416,2704866,450,2703101,2703885,525,2704410
399,10,11,2711559,2711742,183,2709911,2710699,854,2711553
400,24,25,2718268,2718684,416,2716720,2717513,749,2718262
401,44,45,2724861,2725610,749,2723529,2724327,527,2724854
402,28,29,2731970,2732453,483,2730355,2731141,823,2731964
403,58,59,2738663,2739645,982,2737164,2737955,701,2738656
404,18,19,2745355,2745672,317,2743974,2744769,580,2745349
405,42,43,2752298,2753014,716,2750800,2751583,709,2752292
406,8,9,2759274,2759424,150,2757609,2758397,871,2759268
407,12,13,2765867,2766083,216,2764418,2765211,649,2765860
408,14,15,2772709,2772959,250,2771227,2772025,677,2772702
409,22,23,2779668,2780051,383,2778053,2778839,823,2779662
410,42,43,2785545,2786261,716,2784863,2784870,668,2785538
411,32,33,2792588,2793137,549,2790889,2791684,897,2792581
412,44,45,2799147,2799896,749,2797715,2798498,642,2799140
413,10,11,2805956,2806140,184,2804525,2805312,638,2805950
414,48,49,2812732,2813548,816,2811334,2812126,600,2812726
415,8,9,2819608,2819758,150,2818143,2818940,662,2819602
416,50,51,2826551,2827400,849,2824969,2825754,790,2826544
417,10,11,2833194,2833377,183,2831778,2832568,619,2833187
418,4,5,2840269,2840352,83,2838588,2839382,881,2840263
419,6,7,2846945,2847062,117,2845397,2846196,743,2846939
420,38,39,2853788,2854437,649,2852223,2853010,772,2853782
421,40,41,2860597,2861280,683,2859032,2859824,767,2860591
422,42,43,2867173,2867889,716,2865842,2866638,529,2867167
423,44,45,2874133,2874882,749,2872667,2873452,674,2874126
424,10,11,2881008,2881192,184,2879477,2880266,736,2881002
425,6,7,2887868,2887984,116,2886286,2887080,781,2887861
426,46,47,2894627,2895409,782,2893095,2893894,726,2894620
427,26,27,2901569,2902019,450,2899921,2900708,855,2901563
428,32,33,2908112,2908662,550,2906731,2907522,584,2908106
429,32,33,2915088,2915638,550,2913540,2914336,746,2915082
430,12,13,2921864,2922081,217,2920366,2921150,708,2921858
431,48,49,2928474,2929289,815,2927175,2927964,503,2928467
432,22,23,2935333,2935716,383,2933984,2934778,548,2935326
433,58,59,2942409,2943391,982,2940794,2941592,811,2942403
434,12,13,2949068,2949284,216,2947620,2948406,656,2949062
435,46,47,2956110,2956893,783,2954429,2955220,884,2956104
436,32,33,2962104,2962653,549,2961238,2961251,846,2962097
437,58,59,2968613,2969596,983,2967282,2968065,542,2968607
438,32,33,2975489,2976039,550,2974091,2974879,604,2975483
439,26,27,2982315,2982765,450,2980900,2981693,616,2982309
440,38,39,2989258,2989907,649,2987709,2988507,744,2989251
441,48,49,2996067,2996883,816,2994535,2995321,739,2996060
442,60,61,3002876,3003892,1016,3001345,3002135,735,3002870
443,40,41,3009736,3010418,682,3008154,3008949,780,3009729
444,22,23,3016611,3016994,383,3014980,3015763,842,3016605
445,48,49,3023304,3024120,816,3021789,3022577,721,3023298
446,44,45,3030047,3030796,749,3028598,3029391,649,3030040
447,18,19,3036756,3037073,317,3035408,3036205,545,3036750
448,24,25,3043699,3044115,416,3042234,3043019,674,3043693
449,10,11,3050708,3050891,183,3049043,3049833,869,3050702
450,32,33,3057634,3058183,549,3055852,3056647,980,3057627
451,48,49,3064093,3064909,816,3062678,3063461,626,3064087
452,20,21,3070903,3071252,349,3069487,3070275,621,3070896
453,56,57,3077962,3078911,949,3076297,3077089,867,3077956
454,48,49,3084604,3085420,816,3083106,3083903,695,3084598
455,38,39,3091347,3091996,649,3089932,3090717,624,3091341
456,42,43,3098389,3099105,716,3096741,3097531,852,3098383
457,8,9,3105182,3105332,150,3103551,3104345,831,3105176
458,32,33,3111708,3112258,550,3110376,3111159,542,3111701
459,24,25,3118701,3119117,416,3117186,3117973,722,3118695
460,26,27,3125310,3125760,450,3123995,3124787,517,3125304
461,36,37,3132286,3132902,616,3130804,3131601,678,3132279
462,42,43,3138246,3138962,716,3137630,3137632,607,3138239
463,54,55,3144989,3145905,916,3143657,3144446,536,3144982
464,38,39,3151832,3152481,649,3150466,3151260,565,3151825
465,28,29,3158907,3159390,483,3157276,3158074,827,3158901
466,2,3,3165833,3165883,50,3164102,3164888,939,3165827
467,6,7,3172559,3172676,117,3170911,3171702,851,3172553
468,2,3,3178519,3178569,50,3177720,3177733,779,3178512
469,4,5,3185362,3185445,83,3183764,3184547,809,3185356
470,10,11,3192055,3192238,183,3190573,3191361,687,3192048
471,26,27,3198714,3199164,450,3197382,3198175,532,3198707
472,10,11,3205873,3206056,183,3204191,3204989,877,3205866
473,34,35,3212599,3213182,583,3211017,3211803,789,3212592
474,12,13,3219292,3219508,216,3217827,3218617,669,3219286
475,12,13,3226151,3226367,216,3224636,3225431,714,3226145
476,8,9,3233027,3233177,150,3231462,3232245,776,3233021
477,60,61,3239753,3240768,1015,3238271,3239059,687,3239746
478,54,55,3246579,3247494,915,3245080,3245873,699,3246572
479,12,13,3253638,3253854,216,3251890,3252687,945,3253632
480,16,17,3260430,3260713,283,3258716,3259501,924,3260425
481,46,47,3267156,3267939,783,3265525,3266315,835,3267150
482,36,37,3274099,3274715,616,3272334,3273129,964,3274093
483,56,57,3280575,3281524,949,3279160,3279943,626,3280569
484,8,9,3287718,3287867,149,3285969,3286757,954,3287711
485,40,41,3294227,3294910,683,3292779,3293571,650,3294221
486,38,39,3300937,3301586,649,3299588,3300385,545,3300930
487,6,7,3307962,3308079,117,3306414,3307199,757,3307956
488,28,29,3314988,3315471,483,3313223,3314013,969,3314982
489,28,29,3321814,3322297,483,3320033,3320827,981,3321808
490,4,5,3328440,3328523,83,3326858,3327641,792,3328433
491,24,25,3335366,3335782,416,3333668,3334455,905,3335360
492,36,37,3342159,3342775,616,3340477,3341269,883,3342152
493,16,17,3348651,3348935,284,3347286,3348083,562,3348645
494,4,5,3355594,3355677,83,3354112,3354897,690,3355587
495,44,45,3362453,3363202,749,3360922,3361711,736,3362447
496,60,61,3369312,3370328,1016,3367731,3368525,781,3369306
497,2,3,3376072,3376122,50,3374540,3375339,726,3376065
498,56,57,3382898,3383847,949,3381366,3382153,738,3382891
499,44,45,3389857,3390606,749,3388175,3388967,883,3389850
500,48,49,3396633,3397449,816,3394985,3395781,846,3396627
501,44,45,3403226,3403975,749,3401811,3402595,625,3403220
502,48,49,3410385,3411200,815,3408620,3409409,970,3410379
503,46,47,3417094,3417876,782,3415429,3416223,865,3417088
504,50,51,3423770,3424619,849,3422238,3423037,726,3423763
505,60,61,3430546,3431562,1016,3429064,3429851,688,3430539
506,56,57,3437638,3438587,949,3435874,3436665,968,3437633
507,38,39,3444298,3444947,649,3442683,3443479,813,3444292
508,48,49,3451140,3451956,816,3449509,3450293,841,3451134
509,44,45,3458016,3458765,749,3456318,3457107,903,3458010
510,22,23,3464726,3465109,383,3463127,3463921,798,3464719
511,44,45,3471302,3472051,749,3469937,3470735,561,3471296
512,46,47,3478061,3478844,783,3476763,3477549,506,3478055
513,14,15,3485004,3485253,249,3483572,3484363,634,3484997
514,12,13,3491730,3491946,216,3490381,3491177,546,3491723
515,36,37,3498506,3499122,616,3497207,3497991,508,3498499
516,30,31,3505415,3505931,516,3504016,3504805,603,3505408
517,28,29,3512491,3512973,482,3510826,3511619,866,3512485
518,28,29,3519350,3519833,483,3517635,3518433,911,3519344
519,44,45,3525893,3526642,749,3524461,3525247,639,3525886
520,54,55,3532735,3533651,916,3531270,3532061,668,3532729
521,30,31,3539395,3539911,516,3538079,3538875,513,3539388
522,14,15,3546437,3546687,250,3544905,3545689,741,3546430
523,42,43,3553363,3554079,716,3551715,3552503,854,3553357
524,6,7,3560056,3560172,116,3558524,3559317,732,3560049
525,4,5,3566998,3567081,83,3565333,3566131,861,3566992
526,50,51,3573624,3574473,849,3572159,3572945,673,3573618
527,4,5,3580633,3580717,84,3578969,3579759,869,3580628
528,50,51,3587210,3588059,849,3585778,3586573,630,3587203
529,12,13,3594069,3594285,216,3592604,3593387,676,3594063
530,10,11,3601045,3601228,183,3599413,3600201,837,3601038
531,14,15,3607637,3607887,250,3606222,3607015,616,3607631
532,26,27,3614730,3615179,449,3613032,3613829,895,3614724
533,32,33,3621156,3621706,550,3619858,3620643,507,3621150
534,2,3,3628215,3628265,50,3626667,3627457,752,3628209
535,4,5,3634841,3634925,84,3633476,3634271,564,3634835
536,42,43,3642050,3642766,716,3640302,3641085,959,3642044
537,30,31,3648476,3648993,517,3647111,3647899,571,3648470
538,30,31,3655519,3656035,516,3653921,3654713,800,3655513
539,40,41,3662511,3663194,683,3660730,3661527,978,3662505
540,20,21,3669221,3669570,349,3667556,3668341,874,3669215
541,6,7,3676063,3676180,117,3674365,3675155,902,3676057
542,36,37,3682506,3683122,616,3681174,3681969,530,3682499
543,4,5,3689732,3689815,83,3688000,3688783,942,3689725
544,4,5,3696208,3696291,83,3694810,3695597,605,3696202
545,10,11,3703201,3703384,183,3701619,3702411,783,3703194
546,28,29,3710060,3710543,483,3708428,3709225,828,3710053
547,50,51,3716536,3717385,849,3715254,3716039,490,3716529
548,22,23,3723495,3723878,383,3722063,3722853,635,3723488
549,46,47,3730521,3731303,782,3728873,3729667,848,3730515
550,54,55,3737230,3738146,916,3735699,3736481,743,3737224
551,6,7,3743990,3744106,116,3742508,3743295,688,3743983
552,46,47,3750732,3751515,783,3749317,3750109,617,3750726
553,52,53,3757675,3758557,882,3756126,3756923,745,3757668
554,24,25,3764634,3765050,416,3762952,3763737,890,3764627
555,8,9,3771476,3771626,150,3769762,3770551,920,3771471
556,34,35,3778136,3778719,583,3776571,3777365,765,3778130
557,24,25,3785112,3785528,416,3783380,3784179,926,3785105
558,36,37,3791871,3792487,616,3790206,3790993,872,3791865
559,54,55,3798764,3799679,915,3797015,3797807,950,3798757
560,26,27,3805406,3805856,450,3803825,3804621,779,3805400
561,2,3,3812049,3812099,50,3810651,3811435,608,3812043
562,2,3,3818942,3818992,50,3817460,3818249,686,3818935
563,12,13,3825818,3826034,216,3824269,3825063,748,3825811
564,32,33,3832843,3833393,550,3831079,3831877,961,3832838
565,10,11,3839569,3839753,184,3837904,3838691,872,3839563
566,28,29,3846179,3846662,483,3844714,3845505,668,3846173
567,36,37,3853055,3853671,616,3851523,3852319,729,3853048
568,42,43,3859814,3860530,716,3858349,3859133,675,3859808
569,2,3,3866890,3866940,50,3865158,3865947,936,3866883
570,8,9,3873433,3873582,149,3871968,3872761,666,3873427
571,40,41,3880175,3880858,683,3878777,3879575,594,3880169
572,6,7,3887151,3887268,117,3885603,3886389,756,3887145
573,46,47,3894094,3894876,782,3892412,3893203,884,3894087
574,18,19,3900969,3901286,317,3899221,3900017,946,3900963
575,54,55,3907712,3908628,916,3906047,3906831,875,3907706
576,50,51,3914488,3915337,849,3912857,3913645,837,3914482
577,44,45,3921314,3922063,749,3919666,3920459,849,3921308
578,22,23,3928240,3928623,383,3926475,3927273,961,3928234
579,30,31,3934766,3935282,516,3933301,3934087,673,3934760
580,8,9,3941625,3941775,150,3940110,3940901,718,3941619
581,12,13,3948252,3948468,216,3946920,3947715,530,3948245
582,26,27,3955344,3955793,449,3953746,3954529,809,3955338
583,24,25,3961987,3962403,416,3960555,3961343,637,3961980
584,20,21,3968696,3969046,350,3967364,3968157,532,3968689
585,48,49,3975788,3976604,816,3974173,3974971,811,3975782
586,56,57,3982298,3983247,949,3980999,3981785,506,3982291
587,16,17,3989540,3989823,283,3987809,3988599,935,3989534
588,48,49,3996349,3997165,816,3994618,3995413,930,3996343
589,34,35,4002859,4003442,583,4001444,4002227,626,4002853
590,2,3,4009835,4009885,50,4008253,4009041,787,4009828
591,30,31,4016761,4017277,516,4015062,4015855,899,4016754
592,58,59,4023636,4024619,983,4021872,4022669,962,4023631
593,40,41,4030379,4031062,683,4028698,4029483,890,4030373
594,42,43,4037155,4037871,716,4035507,4036297,852,4037149
595,10,11,4044064,4044248,184,4042316,4043111,947,4044058
596,24,25,4050907,4051323,416,4049142,4049925,976,4050901
597,32,33,4057600,4058149,549,4055951,4056739,854,4057593
598,6,7,4064226,4064342,116,4062761,4063553,667,4064220
599,50,51,4070985,4071834,849,4069570,4070367,612,4070979
600,26,27,4078061,4078510,449,4076396,4077181,874,4078055
601,50,51,4084970,4085819,849,4083205,4083995,969,4084964
602,56,57,4091330,4092279,949,4090015,4090809,515,4091324
603,26,27,4098489,4098938,449,4096840,4097623,859,4098482
604,6,7,4105082,4105198,116,4103650,4104437,638,4105075
605,34,35,4112174,4112757,583,4110459,4111251,917,4112168
606,12,13,4118634,4118850,216,4117268,4118065,562,4118627
607,2,3,4125842,4125892,50,4124094,4124879,957,4125836
608,44,45,4132335,4133085,750,4130904,4131693,636,4132329
609,42,43,4139195,4139910,715,4137713,4138507,681,4139188
610,44,45,4146070,4146820,750,4144522,4145321,743,4146064
611,8,9,4153046,4153196,150,4151348,4152135,905,4153040
612,34,35,4159806,4160388,582,4158157,4158949,850,4159799
613,32,33,4166681,4167231,550,4164967,4165763,913,4166676
614,20,21,4173208,4173557,349,4171793,4172577,625,4173202
615,8,9,4180317,4180467,150,4178602,4179391,920,4180311
616,44,45,4186826,4187575,749,4185411,4186205,615,4186820
617,6,7,4193619,4193735,116,4192220,4193019,593,4193612
618,2,3,4200412,4200462,50,4199046,4199833,572,4200405
619,14,15,4207637,4207887,250,4205856,4206647,984,4207631
620,42,43,4214197,4214913,716,4212665,4213461,729,4214190
621,18,19,4221089,4221405,316,4219491,4220275,808,4221083
622,2,3,4227632,4227682,50,4226300,4227089,536,4227625
623,54,55,4234724,4235640,916,4233109,4233903,815,4234718
624,26,27,4241683,4242133,450,4239919,4240717,961,4241678
625,24,25,4248459,4248876,417,4246745,4247531,923,4248454
626,28,29,4254853,4255335,482,4253554,4254345,501,4254846
627,54,55,4262095,4263010,915,4260363,4261159,929,4262088
628,4,5,4268671,4268754,83,4267189,4267973,691,4268664
629,42,43,4275647,4276363,716,4273998,4274787,853,4275640
630,34,35,4282489,4283072,583,4280808,4281601,882,4282483
631,30,31,4289382,4289898,516,4287617,4288415,961,4289376
632,36,37,4295841,4296457,616,4294443,4295229,606,4295835
633,6,7,4302784,4302900,116,4301252,4302043,734,4302777
634,14,15,4309560,4309810,250,4308062,4308857,697,4309554
635,2,3,4316419,4316469,50,4314887,4315671,741,4316412
636,30,31,4323478,4323994,516,4321697,4322485,987,4323472
637,44,45,4330121,4330870,749,4328506,4329299,816,4330115
638,30,31,4336797,4337313,516,4335315,4336113,677,4336790
639,46,47,4343656,4344439,783,4342141,4342927,723,4343650
640,36,37,4350249,4350865,616,4348951,4349741,502,4350243
641,38,39,4357242,4357891,649,4355760,4356555,680,4357235
642,26,27,4364167,4364617,450,4362586,4363369,792,4364161
643,58,59,4371110,4372092,982,4369395,4370183,921,4371104
644,16,17,4377869,4378152,283,4376204,4376997,866,4377863
645,34,35,4384762,4385344,582,4383014,4383811,945,4384756
646,36,37,4391571,4392187,616,4389840,4390625,940,4391565
647,40,41,4398147,4398830,683,4396649,4397439,702,4398141
648,4,5,4404807,4404890,83,4403458,4404253,547,4404800
649,18,19,4411849,4412165,316,4410284,4411067,776,4411843
650,54,55,4418608,4419524,916,4417093,4417881,721,4418602
651,20,21,4425401,4425751,350,4423903,4424695,700,4425395
652,42,43,4432493,4433209,716,4430712,4431509,978,4432487
653,54,55,4439236,4440152,916,4437538,4438323,907,4439230
654,58,59,4445979,4446961,982,4444347,4445137,835,4445972
655,8,9,4452555,4452705,150,4451156,4451951,597,4452548
656,24,25,4459647,4460063,416,4457982,4458765,876,4459641
657,24,25,4466307,4466723,416,4464792,4465579,722,4466301
658,6,7,4473366,4473482,116,4471601,4472393,967,4473360
659,6,7,4479775,4479892,117,4478410,4479207,562,4479769
660,52,53,4486951,4487833,882,4485236,4486021,924,4486945
661,22,23,4493544,4493927,383,4492045,4492835,702,4493537
662,58,59,4500436,4501419,983,4498855,4499649,781,4500430
663,36,37,4507179,4507795,616,4505664,4506463,710,4507173
664,8,9,4514088,4514238,150,4512490,4513277,805,4514082
665,26,27,4521031,4521480,449,4519299,4520091,933,4521024
666,24,25,4527474,4527890,416,4526108,4526905,562,4527467
667,18,19,4534283,4534599,316,4532934,4533719,557,4534276
668,34,35,4541126,4541708,582,4539744,4540533,586,4541119
669,10,11,4548151,4548334,183,4546553,4547347,798,4548145
670,52,53,4554261,4555144,883,4553362,4553378,876,4554254
671,54,55,4560821,4561737,916,4559406,4560192,623,4560815
672,24,25,4567996,4568413,417,4566215,4567006,984,4567990
673,46,47,4574506,4575289,783,4573024,4573820,679,4574499
674,46,47,4581215,4581998,783,4579850,4580634,575,4581209
675,2,3,4588091,4588141,50,4586660,4587448,637,4588085
676,8,9,4595084,4595234,150,4593469,4594262,816,4595078
677,32,33,4602010,4602559,549,4600278,4601076,927,4602003
678,6,7,4608736,4608852,116,4607104,4607890,839,4608729
679,20,21,4615678,4616028,350,4613913,4614704,968,4615672
680,4,5,4622071,4622154,83,4620723,4621518,547,4622065
681,52,53,4628947,4629829,882,4627549,4628332,609,4628941
682,54,55,4635790,4636705,915,4634358,4635146,637,4635783
683,8,9,4642732,4642882,150,4641167,4641960,766,4642726
684,14,15,4649342,4649591,249,4647976,4648774,561,4649335
685,46,47,4656434,4657216,782,4654802,4655588,839,4656427
686,28,29,4662944,4663426,482,4661612,4662402,535,4662937
687,26,27,4670169,4670619,450,4668421,4669216,947,4670163
688,6,7,4677012,4677128,116,4675247,4676030,976,4677006
689,4,5,4683671,4683754,83,4682056,4682844,821,4683665
690,8,9,4690414,4690564,150,4688865,4689658,749,4690407
691,42,43,4697223,4697939,716,4695675,4696472,745,4697217
692,36,37,4704215,4704831,616,4702501,4703286,924,4704210
693,52,53,4710625,4711508,883,4709310,4710100,519,4710619
694,18,19,4717917,4718234,317,4716119,4716914,997,4717911
695,56,57,4724444,4725392,948,4722945,4723728,709,4724437
696,28,29,4731469,4731952,483,4729754,4730542,921,4731463
697,48,49,4738145,4738961,816,4736564,4737356,783,4738139
698,30,31,4744938,4745454,516,4743373,4744170,762,4744932
699,20,21,4751581,4751930,349,4750199,4750984,590,4751574
700,52,53,4758673,4759555,882,4757008,4757798,869,4758667
701,50,51,4765516,4766365,849,4763817,4764612,897,4765509
702,2,3,4771975,4772025,50,4770643,4771426,542,4771968
703,44,45,4779051,4779800,749,4777453,4778240,805,4779045
704,2,3,4786010,4786060,50,4784262,4785054,950,4786004
705,56,57,4792853,4793802,949,4791071,4791868,978,4792846
706,38,39,4799229,4799878,649,4797897,4798682,540,4799222
707,52,53,4806055,4806937,882,4804707,4805496,553,4806049
708,58,59,4813097,4814080,983,4811516,4812310,781,4813091
709,60,61,4819740,4820756,1016,4818325,4819124,610,4819734
710,34,35,4826833,4827415,582,4825151,4825938,888,4826826
711,58,59,4833609,4834591,982,4831960,4832752,850,4833602
712,46,47,4840368,4841150,782,4838770,4839566,796,4840362
713,60,61,4847027,4848043,1016,4845596,4846380,641,4847021
714,60,61,4853770,4854786,1016,4852405,4853194,570,4853764
715,58,59,4860529,4861512,983,4859214,4860008,515,4860523
716,40,41,4867455,4868138,683,4866023,4866822,626,4867448
717,6,7,4874531,4874647,116,4872849,4873636,888,4874524
718,38,39,4880957,4881606,649,4879659,4880450,501,4880951
719,56,57,4888133,4889082,949,4886468,4887264,863,4888127
720,4,5,4894925,4895009,84,4893294,4894078,841,4894919
721,42,43,4901685,4902401,716,4900103,4900892,786,4901678
722,2,3,4908311,4908361,50,4906912,4907706,598,4908304
723,44,45,4915220,4915969,749,4913722,4914520,694,4915214
724,30,31,4922063,4922579,516,4920548,4921334,723,4922057
725,52,53,4928789,4929671,882,4927357,4928148,634,4928782
726,44,45,4935714,4936464,750,4934166,4934962,746,4935708
727,58,59,4942507,4943489,982,4940992,4941776,725,4942501
728,24,25,4949333,4949749,416,4947801,4948590,736,4949326
729,20,21,4956042,4956392,350,4954611,4955404,632,4956036
730,20,21,4962719,4963068,349,4961420,4962218,494,4962712
731,8,9,4969611,4969761,150,4968246,4969032,573,4969605
732,18,19,4976837,4977153,316,4975055,4975846,984,4976830
733,30,31,4983513,4984029,516,4981864,4982660,846,4983506
734,10,11,4990339,4990522,183,4988690,4989474,858,4990332
735,36,37,4996782,4997398,616,4995500,4996288,487,4996775
736,48,49,5004090,5004906,816,5002309,5003102,982,5004084
737,24,25,5010816,5011233,417,5009118,5009916,894,5010810
738,22,23,5017393,5017776,383,5015944,5016730,656,5017386
739,34,35,5024169,5024751,582,5022753,5023544,618,5024162
740,6,7,5030995,5031111,116,5029563,5030358,630,5030988
741,38,39,5037721,5038370,649,5036389,5037172,542,5037714
742,60,61,5044563,5045579,1016,5043198,5043986,571,5044557
743,40,41,5051739,5052421,682,5050007,5050800,932,5051732
744,16,17,5058348,5058631,283,5056817,5057614,728,5058342
745,50,51,5065324,5066173,849,5063642,5064428,889,5065317
746,40,41,5071834,5072516,682,5070452,5071242,585,5071827
747,32,33,5078610,5079159,549,5077261,5078056,547,5078603
748,24,25,5085386,5085802,416,5084087,5084870,509,5085379
749,42,43,5092228,5092944,716,5090896,5091684,537,5092221
750,36,37,5099337,5099953,616,5097706,5098498,833,5099331
751,14,15,5105897,5106146,249,5104515,5105312,578,5105890
752,12,13,5112956,5113172,216,5111341,5112126,824,5112950
753,30,31,5119698,5120215,517,5118150,5118940,752,5119692
754,54,55,5126707,5127623,916,5124959,5125754,947,5126701
755,22,23,5133200,5133583,383,5131785,5132568,626,5133194
756,20,21,5140309,5140659,350,5138595,5139382,922,5140304
757,16,17,5146769,5147052,283,5145404,5146196,567,5146763
758,18,19,5153612,5153928,316,5152213,5153010,595,5153605
759,38,39,5160404,5161054,650,5159039,5159824,574,5160398
760,50,51,5167430,5168279,849,5165848,5166638,785,5167423
761,12,13,5174273,5174489,216,5172658,5173452,815,5174267
762,26,27,5180932,5181382,450,5179484,5180266,660,5180926
763,20,21,5187874,5188224,350,5186293,5187080,788,5187868
764,6,7,5194467,5194584,117,5193102,5193894,567,5194461
765,56,57,5201560,5202509,949,5199911,5200708,845,5201553
766,46,47,5208386,5209168,782,5206737,5207522,857,5208379
767,46,47,5215311,5216094,783,5213547,5214336,970,5215306
768,22,23,5221954,5222337,383,5220356,5221150,798,5221948
769,24,25,5228730,5229146,416,5227165,5227964,760,5228724
770,42,43,5235739,5236455,716,5233991,5234778,955,5235733
771,16,17,5242249,5242532,283,5240800,5241592,650,5242242
772,42,43,5249042,5249757,715,5247610,5248406,629,5249035
773,50,51,5256017,5256866,849,5254436,5255220,791,5256011
774,22,23,5262577,5262960,383,5261245,5262034,536,5262570
775,42,43,5269719,5270435,716,5268054,5268848,865,5269713
776,30,31,5276462,5276978,516,5274864,5275662,794,5276456
777,18,19,5283005,5283321,316,5281689,5282476,522,5282998
778,32,33,5289997,5290547,550,5288499,5289290,701,5289991
779,40,41,5296906,5297589,683,5295308,5296104,796,5296900
780,6,7,5303682,5303799,117,5302134,5302918,758,5303676
781,58,59,5310375,5311357,982,5308943,5309732,636,5310368
782,48,49,5317118,5317934,816,5315753,5316546,566,5317112
783,16,17,5324343,5324626,283,5322562,5323360,977,5324337
784,26,27,5331153,5331602,449,5329388,5330174,973,5331147
785,48,49,5337812,5338628,816,5336197,5336988,818,5337806
786,10,11,5344788,5344971,183,5343006,5343802,979,5344781
787,58,59,5351264,5352246,982,5349832,5350616,641,5351257
788,56,57,5358190,5359139,949,5356642,5357430,754,5358184
789,40,41,5364799,5365482,683,5363451,5364244,549,5364793
790,54,55,5371858,5372774,916,5370260,5371058,794,5371852
791,22,23,5378784,5379167,383,5377086,5377872,906,5378778
792,34,35,5385577,5386160,583,5383895,5384686,884,5385570
793,20,21,5392037,5392386,349,5390705,5391500,530,5392030
794,2,3,5399096,5399145,49,5397531,5398314,776,5399090
795,46,47,5405788,5406571,783,5404340,5405128,654,5405782
796,2,3,5412897,5412947,50,5411149,5411942,949,5412891
797,42,43,5419657,5420372,715,5417958,5418756,894,5419650
798,44,45,5426266,5427015,749,5424784,5425570,689,5426259
799,40,41,5432942,5433625,683,5431594,5432384,552,5432936
800,8,9,5439818,5439968,150,5438403,5439198,614,5439812
801,56,57,5446894,5447843,949,5445229,5446012,876,5446888
802,18,19,5453736,5454053,317,5452038,5452826,904,5453730
803,38,39,5460546,5461195,649,5458847,5459640,899,5460539
804,28,29,5467005,5467488,483,5465657,5466454,545,5466999
805,54,55,5473964,5474880,916,5472483,5473268,690,5473958
806,4,5,5480707,5480790,83,5479292,5480082,619,5480701
807,44,45,5487733,5488482,749,5486101,5486896,830,5487726
808,50,51,5494392,5495241,849,5492927,5493710,676,5494386
809,26,27,5501085,5501535,450,5499736,5500524,554,5501078
810,10,11,5508194,5508377,183,5506546,5507338,850,5508188
811,54,55,5514853,5515769,916,5513355,5514152,695,5514847
812,44,45,5521746,5522495,749,5520181,5520966,774,5521740
813,56,57,5528688,5529637,949,5526990,5527780,902,5528682
814,44,45,5535398,5536147,749,5533800,5534594,798,5535392
815,54,55,5542224,5543139,915,5540625,5541408,809,5542217
816,24,25,5548833,5549249,416,5547435,5548222,605,5548827
817,54,55,5555626,5556542,916,5554244,5555036,583,5555619
818,60,61,5562735,5563750,1015,5561053,5561850,878,5562728
819,50,51,5569478,5570327,849,5567879,5568664,807,5569471
820,20,21,5576437,5576786,349,5574689,5575478,953,5576431
821,34,35,5583196,5583779,583,5581498,5582292,898,5583190
822,8,9,5589756,5589905,149,5588307,5589106,643,5589749
823,44,45,5596665,5597414,749,5595133,5595920,738,5596658
824,14,15,5603374,5603624,250,5601942,5602734,633,5603367
825,36,37,5610500,5611116,616,5608752,5609548,946,5610494
826,28,29,5617176,5617659,483,5615578,5616362,808,5617170
827,56,57,5624002,5624951,949,5622387,5623176,820,5623996
828,22,23,5630861,5631244,383,5629196,5629990,865,5630855
829,32,33,5637454,5638003,549,5636005,5636804,643,5637447
830,50,51,5644296,5645146,850,5642831,5643618,672,5644290
831,32,33,5651039,5651589,550,5649641,5650432,601,5651033
832,40,41,5658231,5658914,683,5656450,5657246,979,5658225
833,38,39,5664674,5665324,650,5663276,5664060,608,5664668
834,38,39,5671384,5672033,649,5670085,5670874,503,5671377
835,4,5,5678376,5678459,83,5676894,5677688,681,5678369
836,18,19,5685019,5685335,316,5683704,5684502,511,5685013
837,40,41,5692078,5692761,683,5690530,5691316,756,5692072
838,56,57,5698871,5699820,949,5697339,5698130,734,5698864
839,46,47,5705746,5706529,783,5704148,5704944,796,5705740
840,16,17,5712556,5712839,283,5710974,5711758,791,5712549
841,36,37,5719348,5719964,616,5717783,5718572,770,5719342
842,48,49,5726357,5727173,816,5724593,5725386,966,5726352
843,26,27,5733133,5733583,450,5731402,5732200,927,5733127
844,44,45,5739527,5740276,749,5738228,5739014,506,5739520
845,26,27,5746502,5746952,450,5745037,5745828,668,5746496
846,50,51,5753345,5754194,849,5751846,5752642,696,5753338
847,32,33,5759988,5760537,549,5758672,5759456,525,5759981
848,46,47,5767163,5767946,783,5765482,5766270,887,5767157
849,20,21,5773873,5774222,349,5772291,5773084,782,5773866
850,40,41,5780632,5781315,683,5779100,5779898,727,5780625
851,58,59,5787391,5788374,983,5785926,5786712,673,5787385
852,58,59,5794084,5795066,982,5792736,5793526,552,5794078
853,40,41,5801126,5801809,683,5799545,5800340,780,5801120
854,28,29,5807753,5808235,482,5806371,5807154,592,5807746
855,22,23,5814928,5815311,383,5813180,5813968,954,5814922
856,50,51,5821554,5822403,849,5819989,5820782,766,5821548
857,22,23,5828247,5828630,383,5826799,5827596,645,5828241
858,42,43,5835239,5835955,716,5833625,5834410,824,5835234
859,6,7,5842182,5842298,116,5840434,5841224,952,5842176
860,38,39,5848875,5849524,649,5847243,5848038,830,5848868
861,52,53,5855018,5855900,882,5854069,5854069,942,5855011
862,50,51,5861561,5862410,849,5860096,5860883,672,5861555
863,58,59,5868270,5869253,983,5866905,5867697,567,5868264
864,14,15,5875462,5875712,250,5873714,5874511,945,5875456
865,48,49,5882105,5882921,816,5880540,5881325,774,5882099
866,40,41,5889048,5889730,682,5887350,5888139,903,5889042
